201509 364416.9
201508 362793.73
201507 353122.19
201506 356082.86
201505 343085.86
201504 336388.24
201503 337210.52
201502 334439.22
201501 348109.5
201412 348056.41
201411 335114.13
201410 329617.73
201409 327220.21
201408 332023.23
201407 331347.32
201406 341487.45
201405 327839.56
201404 324482.52
201403 327683.74
201402 316625.11
201401 314900.55
201312 337291.05
201311 324821.92
201310 319509.38
201309 312330.34
201308 314085.91
201307 310596.46
201306 313499.82
201305 310204.48
201304 307648.42
201303 310898.29
201302 296103.24
201301 311228.55
201212 308672.99
201211 296883.0
201210 293309.78
